 0.00000000
     0.05000000
     0.10000000
     0.15000000
     0.20000000
     0.25000000
     0.30000000
     0.35000000
     0.40000000
     0.45000000
     0.50000000
     0.55000000
     0.60000000
     0.65000000
     0.70000000
     0.75000000
     0.80000000
     0.85000000
     0.90000000
     0.95000000
     1.00000000
     1.05000000
     1.10000000
     1.15000000
     1.20000000
     1.25000000
     1.30000000
     1.35000000
     1.40000000
     1.45000000
     1.50000000
     1.80000000
     2.10000000
     2.45000000
     2.80000000
     3.20000000
     3.60000000
     4.05000000
     4.50000000
     5.00000000
     5.50000000
     6.05000000
     6.60000000
     7.20000000
     7.80000000
     8.45000000
     9.10000000
     9.80000000
    10.50000000
    11.25000000
    12.00000000
    12.80000000
    13.60000000
    14.45000000
    15.30000000
    16.20000000
    17.10000000
    18.05000000
    19.00000000
    20.00000000
    21.00000000
    22.05000000
    23.10000000
    24.20000000
    25.30000000
    26.45000000
    27.60000000
    28.80000000
    30.00000000
    31.25000000
    32.50000000
    33.80000000
    35.10000000
    36.45000000
    37.80000000
    39.20000000
